1.0 1.0 0
1.0 2.0 -1
2.0 1.0 -1
2.0 4.0 -1
2.0 5.0 1
3.0 4.0 -1
4.0 2.0 -1
5.0 2.0 2
5.0 3.0 -1
1.0 1.0 -1
2.0 5.0 -1
5.0 2.0 -1
1.0 1.0 0
1.0 2.0 0
2.0 1.0 0
2.0 4.0 1
2.0 5.0 1
3.0 4.0 1
4.0 2.0 2
5.0 2.0 2
5.0 3.0 2
1.3333333333333333 1.3333333333333333 -1
2.3333333333333335 4.333333333333333 -1
4.666666666666667 2.3333333333333335 -1
1.0 1.0 0
1.0 2.0 0
2.0 1.0 0
2.0 4.0 1
2.0 5.0 1
3.0 4.0 1
4.0 2.0 2
5.0 2.0 2
5.0 3.0 2
1.3333333333333333 1.3333333333333333 -1
2.3333333333333335 4.333333333333333 -1
4.666666666666667 2.3333333333333335 -1
